1173.28344727
1170.19250488
967.84466553
775.99188232
0.30000001
0.00000000
0.00000000
0.00000000
0.30000001
-23.00000000
1.00000000
0.00000000
0.00000000
1.00000000
1.00000000
0.56504285
-0.00765308
0.82502609
2.21171021
-0.82505947
-0.00294130
0.56503838
0.95389515
-0.00189763
-0.99996638
-0.00797621
0.93406093
1907.81994629
1907.67004395
1903.89001465
1065.38000488
0.15000001
0.00000000
0.00000000
0.00000000
0.15000001
-1.00000000
1.00000000
0.00000000
0.00000000
1.00000000
1.00000000
0.01569822
0.03402741
0.99929768
1.81999993
-0.99976176
0.01569822
0.01517096
0.04500000
-0.01517097
-0.99929762
0.03426573
1.30999994
1154.63708496
1153.80566406
957.08306885
778.23620605
0.30000001
0.00000000
0.00000000
0.00000000
0.30000001
-23.00000000
1.00000000
0.00000000
0.00000000
1.00000000
1.00000000
-0.58884609
-0.00670471
0.80821747
2.27147651
-0.80823416
0.01013326
-0.58877414
-0.97706914
-0.00424232
-0.99992621
-0.01138590
0.95261908
1156.41674805
1157.11193848
953.52374268
765.62390137
0.33541667
0.00000000
-67.00000000
0.00000000
0.29947916
-23.00000000
1.00000000
0.00000000
0.00000000
1.00000000
1.00000000
0.50319034
-0.04125590
-0.86319035
2.49547958
0.86417401
0.02202625
0.50271094
1.01272094
-0.00172694
-0.99890578
0.04673567
0.73779798
1156.41674805
1157.11193848
953.52374268
765.62390137
0.33541667
0.00000000
-67.00000000
0.00000000
0.29947916
-23.00000000
1.00000000
0.00000000
0.00000000
1.00000000
1.00000000
0.50319034
-0.04125590
-0.86319035
2.49547958
0.86417401
0.02202625
0.50271094
1.01272094
-0.00172694
-0.99890578
0.04673567
0.73779798
1212.42736816
1208.61047363
961.83312988
739.47149658
0.33541667
0.00000000
0.00000000
0.00000000
0.29947916
-23.00000000
1.00000000
0.00000000
0.00000000
1.00000000
1.00000000
-0.50576925
0.00200975
-0.86266649
2.68763709
0.86264735
-0.00586290
-0.50577176
-0.82896191
-0.00607420
-0.99998081
0.00123157
0.90472960
